0 0
500 47015
1000 91358
1500 133458
2000 176332
2500 218692
3000 259934
3500 320439
4000 381267
4500 441648
5000 502675
5500 556032
6000 599198
6500 641204
7000 682541
7500 722863
8000 764085
8500 816331
9000 877208
9500 938590
10000 1000123
10500 1060363
11000 1104866
11500 1147339
12000 1208635
12500 1255158
13000 1294686
13500 1331395
14000 1370899
14500 1406771
15000 1445772
15500 1494882
16000 1542040
16500 1584035
17000 1628488
17500 1670647
18000 1713871
18500 1757936
19000 1803564
19500 1870280
20000 1940500
20500 2008631
21000 2077475
21500 2127446
22000 2166866
22500 2221895
23000 2281266
23500 2324629
24000 2367038
24500 2412028
25000 2473768
25500 2537674
26000 2599283
26500 2663319
27000 2706615
27500 2746455
28000 2787376
28500 2828215
29000 2871060
29500 2943924
30000 3027933
30500 3106780
31000 3178362
31500 3237380
32000 3294705
32500 3352971
33000 3418845
33500 3492686
34000 3584197
34500 3657479
35000 3733737
35500 3797343
36000 3856896
36500 3916234
37000 3975500
37500 4051992
38000 4125439
38500 4207535
39000 4280454
39500 4340227
40000 4400862
40500 4460168
41000 4523080
41500 4595313
42000 4671095
42500 4746182
43000 4821483
43500 4889385
44000 4946641
44500 5008579
45000 5066114
45500 5137704
46000 5217052
46500 5291908
47000 5359838
47500 5424990
48000 5489098
48500 5551595
49000 5626299
49500 5716405
50000 5802829
50500 5883154
51000 5962931
51500 6026041
52000 6084232
52500 6142832
53000 6204334
53500 6295685
54000 6375614
54500 6448846
55000 6521717
55500 6581841
56000 6638479
56500 6696482
57000 6757424
57500 6831147
58000 6906217
58500 6979960
59000 7048889
59500 7110635
60000 7168718
60500 7223985
61000 7281702
61500 7357831
62000 7435140
62500 7510090
63000 7576039
63500 7632565
64000 7692219
64500 7748358
65000 7810333
65500 7876239
66000 7950806
66500 8022333
67000 8097357
67500 8182361
68000 8241874
68500 8304235
69000 8364115
69500 8439960
70000 8517356
70500 8592958
71000 8668973
71500 8726941
72000 8784796
72500 8849604
73000 8908597
73500 8981269
74000 9056097
74500 9132988
75000 9208670
75500 9296429
76000 9360804
76500 9418902
77000 9474820
77500 9536647
78000 9603121
78500 9676039
79000 9745819
79500 9812450
80000 9880904
80500 9951675
81000 10018992
81500 10084138
82000 10138744
82500 10193149
83000 10277882
83500 10337209
84000 10397869
84500 10460366
85000 10522894
85500 10586174
86000 10652470
86500 10706834
87000 10758720
87500 10809620
88000 10861628
88500 10916924
89000 10978650
89500 11042168
90000 11105898
90500 11168920
91000 11228981
91500 11285648
92000 11339628
92500 11392446
93000 11444598
93500 11506938
94000 11573894
94500 11636817
95000 11699411
95500 11760508
96000 11814133
96500 11869124
97000 11922884
97500 11975550
98000 12037416
98500 12100073
99000 12185873
99500 12250598
100000 12312538
100500 14605687
101000 14637227
101500 14658211
102000 14678522
102500 14699403
103000 14719762
103500 14740848
104000 14762092
104500 14782566
105000 14802984
105500 14823342
106000 14845269
106500 14866932
107000 14889559
107500 14911496
108000 14933783
108500 14955530
109000 14977881
109500 15000391
110000 15022486
110500 15044689
111000 15066809
111500 15089253
112000 15112179
112500 15133758
113000 15154808
113500 15174941
114000 15195494
114500 15215632
115000 15244140
115500 15264554
116000 15285110
116500 15305524
117000 15325839
117500 15346093
118000 15366508
118500 15386742
119000 15407317
119500 15427617
120000 15450148
120500 15472716
121000 15494535
121500 15517889
122000 15540428
122500 15562191
123000 15584407
123500 15606327
124000 15628954
124500 15650479
125000 15672808
125500 15695716
126000 15717226
126500 15738060
127000 15758587
127500 15779088
128000 15800138
128500 15820525
129000 15840662
129500 15861233
130000 15881805
130500 15902211
131000 15922335
131500 15942692
132000 15962906
132500 15985808
133000 16008663
133500 16029728
134000 16052573
134500 16074393
135000 16095694
135500 16117867
136000 16140072
136500 16162539
137000 16184910
137500 16206714
138000 16228433
138500 16251923
139000 16272817
139500 16294055
140000 16314123
140500 16334463
141000 16365649
141500 16386775
142000 16407521
142500 16427775
143000 16448729
143500 16469189
144000 16489581
144500 16509904
145000 16532923
145500 16555434
146000 16577175
146500 16599629
147000 16621075
147500 16643394
148000 16665597
148500 16689081
149000 16710899
149500 16732924
150000 16754912
150500 16777457
151000 16799622
151500 16820243
152000 16841350
152500 16861758
153000 16882730
153500 16903360
154000 16923958
154500 16944101
155000 16964512
155500 16985255
156000 17007157
156500 17027692
157000 17048065
157500 17070124
158000 17092610
158500 17114704
159000 17137397
159500 17176587
160000 17199671
160500 17238541
161000 17261115
161500 17286617
162000 17310223
162500 17333527
163000 17367995
163500 17390479
164000 18221671
164500 18251085
165000 18275795
165500 18297470
166000 18321161
166500 18344094
167000 18367173
167500 18389073
168000 18412636
168500 18435177
169000 18459512
169500 18482527
170000 18505872
170500 18544854
171000 18567806
171500 18590704
172000 18612668
172500 18635586
173000 18658394
173500 18681360
174000 18704189
174500 18726938
175000 18750111
175500 18772904
176000 18796076
176500 18819288
177000 18840222
177500 18863592
178000 18886900
178500 18908433
179000 18930233
179500 18951503
180000 18973253
180500 18995539
181000 19017785
181500 19039415
182000 19060127
182500 19081579
183000 19102448
183500 19126359
184000 19149508
184500 19173646
185000 19196935
185500 19220821
186000 19243278
186500 19267042
187000 19289885
187500 19312536
188000 19335811
188500 19359379
189000 19383141
189500 19406656
190000 19429266
190500 19450647
191000 19471324
191500 19492225
192000 19514049
192500 19535146
193000 19556493
193500 19578582
194000 19600778
194500 19622736
195000 19644744
195500 19668805
196000 19691319
196500 19714065
197000 19735627
197500 19757118
198000 19780456
198500 19803148
199000 19826054
199500 19849441
200000 19872652
200500 19896344
201000 19919822
201500 19943211
202000 19967562
202500 19989494
203000 20011448
203500 20033867
204000 20054630
204500 20077227
205000 20098685
205500 20120288
206000 20160129
206500 20182774
207000 20205751
207500 20229789
208000 20254008
208500 20276125
209000 20299263
209500 20321967
210000 20345908
210500 20369986
211000 20394240
211500 20418114
212000 20442310
212500 20465949
213000 20488370
213500 20512226
214000 20535593
214500 20559611
215000 20581222
215500 20603808
216000 20625779
216500 20648925
217000 20670942
217500 20693495
218000 20716412
218500 20739422
219000 20761775
219500 20784319
220000 20806371
220500 20830639
221000 20854995
221500 20879167
222000 20902931
222500 20927116
223000 20950108
223500 20973448
224000 20997332
224500 21022435
225000 21046313
225500 21070424
226000 21094410
226500 21117071
227000 21140022
227500 21170956
228000 21208874
228500 21238067
229000 21263270
229500 21290573
230000 21317382
230500 21342454
231000 21367760
231500 21395111
232000 21420085
232500 21446974
233000 21476051
233500 21502294
234000 21526748
234500 21553221
235000 21579523
235500 21607560
236000 21632010
236500 21656380
237000 21679969
237500 21703834
238000 21727027
238500 21749235
239000 21774867
239500 21798497
240000 21821261
240500 21846175
241000 21870202
241500 21894357
242000 21916293
242500 21938633
243000 21962925
243500 21987254
244000 22010028
244500 22034047
245000 22057168
245500 22082311
246000 22105479
246500 22128115
247000 22152270
247500 22175921
248000 22200415
248500 22226332
249000 22251261
249500 22294711
250000 22320079
250500 22344742
251000 22370102
251500 22950692
252000 22977742
252500 23001264
253000 23024899
253500 23047979
254000 23071595
254500 23094919
255000 23118408
255500 23141577
256000 23164028
256500 23186893
257000 23209608
257500 23231058
258000 23253218
258500 23275411
259000 23298144
259500 23321049
260000 23343768
260500 23366631
261000 23388872
261500 23411065
262000 23433402
262500 23457624
263000 23499407
263500 23524317
264000 23548882
264500 23573450
265000 23598812
265500 23622839
266000 23646968
266500 23671758
267000 23695725
267500 23721418
268000 23744543
268500 23768377
269000 23803069
269500 23826350
270000 23849067
270500 23871688
271000 23894230
271500 23916941
272000 23939699
272500 23963055
273000 23985781
273500 24008991
274000 24033152
274500 24057066
275000 24081556
275500 24105926
276000 24130561
276500 24155303
277000 24179455
277500 24203607
278000 24227997
278500 24251846
279000 24274956
279500 24299341
280000 24323993
280500 24346684
281000 24370883
281500 24393844
282000 24416620
282500 24439835
283000 24462674
283500 24486197
284000 24509158
284500 24532197
285000 24554471
285500 24577902
286000 24601975
286500 24626735
287000 24651760
287500 24675741
288000 24700661
288500 24726266
289000 24749591
289500 24773104
290000 24797124
290500 24821160
291000 24846355
291500 24869882
292000 24893994
292500 24916763
293000 24939870
293500 24962389
294000 24985452
294500 25008276
295000 25031813
295500 25054049
296000 25076730
296500 25099598
297000 25123589
297500 29170579
298000 29219672
298500 29244103
299000 29270393
299500 29298378
300000 29323335
