0 0
500 561386
1000 2739025
1500 6624519
2000 11989948
2500 18949072
3000 31655618
3500 41921186
4000 58272663
4500 72710745
5000 89095807
5500 111663621
6000 132126982
6500 158704598
7000 183000831
7500 209099858
8000 245265970
8500 279107319
9000 310765489
9500 344075731
10000 383151451
10500 419886651
11000 458558092
11500 499186801
12000 541526552
12500 585601089
13000 635504482
13500 683144228
14000 737207171
14500 793110321
15000 846265231
15500 905424016
16000 962314182
16500 1024800800
17000 1085100206
17500 1147289219
18000 1216559244
18500 1284861588
19000 1366840163
19500 1438931200
20000 1520273670
20500 1598125142
21000 1674065309
21500 1755680771
22000 1835147637
22500 1916244922
23000 2007436238
23500 2095758729
24000 2195827038
24500 2294457922
25000 2395279098
25500 2492895304
26000 2585389110
26500 2688117785
27000 2793263324
27500 2891410116
28000 2996171501
28500 3097659060
29000 3205482747
29500 3317177230
30000 3436048336
30500 3548719942
31000 3658978784
31500 3780096252
32000 3894446549
32500 4014802062
33000 4141673657
33500 4275975640
34000 4411236374
34500 4541455279
35000 4676304572
35500 4810567287
36000 4940333348
36500 5076130518
37000 5215911131
37500 5360448739
38000 5525050707
38500 5667330892
39000 5811714991
39500 5962703140
40000 6110128046
40500 6263907790
41000 6429829067
41500 6598797437
42000 6752980116
42500 6918512840
43000 7076234417
43500 7244574137
44000 7414791248
44500 7586609985
45000 7772777410
45500 7941944519
46000 8112592022
46500 8292092825
47000 8479054077
47500 8669164673
48000 8853660857
48500 9033563237
49000 9219078273
49500 9418165557
50000 9626533663
50500 9813088022
51000 10004838823
