0 0
500 85228
1000 151295
1500 256241
2000 281202
2500 307554
3000 505640
3500 543704
4000 572664
4500 601228
5000 628931
5500 1016916
6000 1046569
6500 1073428
7000 1100591
7500 1126451
8000 1151307
8500 1176521
9000 1201319
9500 1225414
10000 1249939
10500 1274943
11000 2509177
11500 2570548
12000 2620590
12500 2671626
13000 2722920
13500 2774248
14000 2822292
14500 2868392
15000 2909953
15500 2955294
16000 2997533
16500 3040097
17000 3080124
17500 3123908
18000 3168026
18500 3213214
19000 3254739
19500 3297106
20000 3339471
20500 3383346
21000 3426463
21500 3471297
22000 5865393
22500 5899302
23000 5930231
23500 5977087
24000 6007939
24500 6038761
25000 6069197
25500 6099769
26000 6130327
26500 6161217
27000 6192551
27500 6224028
28000 6254440
28500 6285099
29000 6315820
29500 6346807
30000 6377575
30500 6432520
31000 6498452
31500 6563846
32000 6622024
32500 6674157
33000 6721353
33500 6775417
34000 6820716
34500 6868367
35000 6914826
35500 6959527
36000 7006366
36500 7053539
37000 7095477
37500 7133382
38000 7170469
38500 7205347
39000 7240235
39500 7273915
40000 7305996
40500 7339367
41000 7371854
41500 7403783
42000 7434859
42500 7467164
43000 7498833
43500 7529772
44000 13793722
44500 13841737
45000 13876471
45500 13911700
46000 13946356
46500 13979553
47000 14014726
47500 14048229
48000 14082827
48500 14117309
49000 14152780
49500 14187580
50000 14221717
50500 14256296
51000 14291100
51500 14325534
52000 14359052
52500 14415005
53000 14495326
53500 14561863
54000 14632434
54500 14700602
55000 14758462
55500 14819408
56000 14879921
56500 14938505
57000 14997952
57500 15052564
58000 15110583
58500 15162929
59000 15216066
59500 15264007
60000 15313140
60500 15361809
61000 15409080
61500 15457373
62000 15506803
62500 15555379
63000 15604735
63500 15652973
64000 15702103
64500 15751560
65000 15800243
65500 15849391
66000 15914287
66500 15963544
67000 16011642
67500 16060395
68000 16107183
68500 16156163
69000 16203692
69500 16249990
70000 16298136
70500 16344701
71000 16394881
71500 16442186
72000 16490879
72500 16539161
73000 16587490
73500 16636288
74000 16682313
74500 16729233
75000 16777081
75500 16822868
76000 16869283
76500 16916085
77000 16962923
77500 17008983
78000 17054925
78500 17101154
79000 17146413
79500 17192362
80000 17238996
80500 17284231
81000 17329596
81500 17375072
82000 17419573
82500 17465680
83000 17510128
83500 17555615
84000 17599986
84500 17643260
85000 17687739
85500 17731195
86000 17776418
86500 17819555
87000 17863407
87500 17907188
88000 35369948
88500 35453146
89000 35517441
89500 35582342
90000 35644502
90500 35704726
91000 35763355
91500 35823094
92000 35882938
92500 35942974
93000 36003109
93500 36065289
94000 36142166
94500 36201025
95000 36259159
95500 36317095
96000 36377277
96500 36434928
97000 36495093
97500 36552246
98000 36610152
98500 36668390
99000 36727278
99500 36785563
100000 36843287
100500 36873436
101000 36901798
101500 36931880
102000 36963054
102500 36992265
103000 37022699
103500 37051037
104000 37080037
104500 37108551
105000 37136807
105500 37164870
106000 37194626
106500 37224539
107000 37255327
107500 37283600
108000 37311483
108500 37338997
109000 37366062
109500 37393361
110000 37421028
110500 37449561
111000 37479616
111500 37509776
112000 37539080
112500 37567699
113000 37597020
113500 37625011
114000 37654282
114500 37683355
115000 37713219
115500 37742393
116000 37774069
116500 37809291
117000 37844926
117500 37898381
118000 37934739
118500 37970983
119000 38007308
119500 38043270
120000 38079495
120500 38116547
121000 38153293
121500 38190173
122000 38225788
122500 38262679
123000 38299055
123500 38335730
124000 38372214
124500 38462492
125000 38555274
125500 38643607
126000 38721454
126500 38792029
127000 38859134
127500 38922938
128000 38983509
128500 39044022
129000 39097512
129500 39149411
130000 39199763
130500 39248137
131000 39294227
131500 39340106
132000 39384706
132500 39427743
133000 39471297
133500 39514192
134000 39556998
134500 39608873
135000 39650331
135500 39690903
136000 39730858
136500 39771376
137000 39812093
137500 39852338
138000 39893066
138500 39944778
139000 39986487
139500 40027862
140000 40084569
140500 40124323
141000 40163635
141500 40202948
142000 40241800
142500 40281110
143000 40320801
143500 40359929
144000 40401091
144500 40440788
145000 40480216
145500 40519519
146000 40559026
146500 40597310
147000 40635189
147500 40672271
148000 40720291
148500 40756450
149000 40793304
149500 40830090
150000 40866024
150500 40901562
151000 40935883
151500 40971329
152000 41007036
152500 41042024
153000 41078767
153500 41114222
154000 41149450
154500 41185472
155000 41221969
155500 41257501
156000 41292171
156500 41328164
157000 41363316
157500 41399318
158000 41435344
158500 41471876
159000 41509040
159500 41545368
160000 41580333
160500 41616433
161000 41652220
161500 41705832
162000 41743837
162500 41780720
163000 41818462
163500 41855141
164000 41892457
164500 41930112
165000 41967410
165500 42003778
166000 42039811
166500 42076422
167000 42112634
167500 42149001
168000 42185722
168500 42223379
169000 42260345
169500 42296617
170000 42332817
170500 42367935
171000 42459079
171500 42549985
172000 42633258
172500 42710499
173000 42787035
173500 42862668
174000 42933131
174500 43018461
175000 43079616
175500 43141232
176000 43195995
176500 43242216
177000 43286496
177500 43333112
178000 43376297
178500 43417930
179000 43459660
179500 43501677
180000 43543797
180500 43585039
181000 43625867
181500 43664906
182000 43704462
182500 43743150
183000 43783625
183500 43822276
184000 43861321
184500 43901095
185000 43940263
185500 43980402
186000 44019589
186500 44059398
187000 44098713
187500 44139694
188000 44178957
188500 44219106
189000 44259097
189500 44298238
190000 44337983
190500 44378572
191000 44418356
191500 44457855
192000 44498023
192500 44537300
193000 44576985
193500 44617042
194000 44656148
194500 44695855
195000 44735069
195500 44774181
196000 44814672
196500 44854777
197000 44895024
197500 44933821
198000 44973602
198500 45013719
199000 45053224
199500 45092794
200000 45151583
200500 45192237
201000 45233857
201500 45274231
202000 45314022
202500 45355792
203000 45397407
203500 45438790
204000 45479265
204500 45520272
205000 45561015
205500 45601384
206000 45642646
206500 45683220
207000 45723535
207500 45764328
208000 45805913
208500 45847225
209000 45888208
209500 45929302
210000 45970045
210500 46010427
211000 46051548
211500 46092592
212000 46132206
212500 46172777
213000 46213699
213500 46255069
214000 46295855
214500 46337318
215000 46402677
215500 46507287
216000 46588609
216500 46664613
217000 46738394
217500 46810269
218000 46873969
218500 46937058
219000 46996500
219500 47051990
220000 47104080
220500 47154624
221000 47202490
221500 47249361
222000 47294791
222500 47341038
223000 47385063
223500 47431772
224000 47476398
224500 47521368
225000 47565515
225500 47607100
226000 47648504
226500 47689149
227000 47730937
227500 47770585
228000 47811534
228500 47852244
229000 47893909
229500 47961178
230000 48001373
230500 48041272
231000 48080353
231500 48120532
232000 48160303
232500 48200451
233000 48239824
233500 48279230
234000 48318411
234500 48358328
235000 48397290
235500 48436514
236000 48475993
236500 48516346
237000 48555867
237500 48595543
238000 48644849
238500 48684308
239000 48723481
239500 48762420
240000 48802595
240500 48843587
241000 48883771
241500 48924412
242000 48965035
242500 49005111
243000 49043800
243500 49084033
244000 49124072
244500 49164088
245000 49203761
245500 49243447
246000 49283237
246500 49322634
247000 49362269
247500 49401136
248000 49440412
248500 49479668
249000 49519538
249500 49559088
250000 49598532
250500 49638534
251000 49678498
251500 49726027
252000 49765704
252500 49804358
253000 49844352
253500 49882949
254000 49922775
254500 49962056
255000 50001675
255500 50040861
256000 50079803
256500 50120233
257000 50160761
257500 50217956
258000 50258497
258500 50298888
259000 50340027
259500 50412071
260000 50519498
260500 50618382
261000 50697653
261500 50770869
262000 50835177
262500 50897202
263000 50956341
263500 51012700
264000 51068149
264500 51120610
265000 51171200
265500 51217435
266000 51263997
266500 51320887
267000 51365425
267500 51408586
268000 51452542
268500 51496686
269000 51540162
269500 51592715
270000 51635321
270500 51675951
271000 51716530
271500 51756081
272000 51796357
272500 51836274
273000 51876984
273500 51917641
274000 51958287
274500 52014952
275000 52054788
275500 52094147
276000 52132787
276500 52172868
277000 52212617
277500 52252001
278000 52291280
278500 52330704
279000 52371169
279500 52411170
280000 52450517
280500 52489612
281000 52528240
281500 52567970
282000 52607921
282500 52657207
283000 52697254
283500 52736032
284000 52775251
284500 52813947
285000 52854133
285500 52893564
286000 52932568
286500 52972441
287000 53011996
287500 53052149
288000 53091621
288500 53131220
289000 53170323
289500 53210373
290000 53249960
290500 53289786
291000 53331555
291500 53370881
292000 53411400
292500 53450540
293000 53489872
293500 53530429
294000 53571058
294500 53609960
295000 53649555
295500 53689502
296000 53729638
296500 53769633
297000 53808806
297500 53848525
298000 53888467
298500 53929210
299000 53968987
299500 54008643
300000 54048149
