0 0
500 43621
1000 79616
1500 110548
2000 133457
2500 172065
3000 195194
3500 220087
4000 243203
4500 315007
5000 352267
5500 387268
6000 421071
6500 449614
7000 479036
7500 504275
8000 533990
8500 647977
9000 678295
9500 707458
10000 734149
10500 762047
11000 794067
11500 819889
12000 848075
12500 872722
13000 901254
13500 924770
14000 950036
14500 969837
15000 992188
15500 1016832
16000 1040353
16500 1167323
17000 1192064
17500 1215701
18000 1241600
18500 1265399
19000 1290875
19500 1314500
20000 1340404
20500 1365057
21000 1388789
21500 1415294
22000 1438945
22500 1464729
23000 1487610
23500 1510694
24000 1535614
24500 1557838
25000 1582729
25500 1605722
26000 1630474
26500 1653282
27000 1679206
27500 1704229
28000 1726956
28500 1748363
29000 1770997
29500 1794159
30000 1819507
30500 1843229
31000 1869102
31500 1892145
32000 1948239
32500 1971164
33000 2170921
33500 2197525
34000 2219823
34500 2244227
35000 2265541
35500 2277049
36000 2288704
36500 2299840
37000 2311179
37500 2321248
38000 2331110
38500 2341417
39000 2351532
39500 2361586
40000 2371488
40500 2381697
41000 2391850
41500 2401865
42000 2411927
42500 2422006
43000 2432080
43500 2442293
44000 2452261
44500 2462407
45000 2472491
45500 2482448
46000 2491698
46500 2501769
47000 2511761
47500 2521806
48000 2532005
48500 2542140
49000 2552247
49500 2562578
50000 2573712
50500 2584596
51000 2594667
51500 2619040
52000 2641503
52500 2663665
53000 2687984
53500 2714477
54000 2738469
54500 2760560
55000 2784753
55500 2807553
56000 2829428
56500 2852508
57000 2870655
57500 2899909
58000 2921968
58500 2946772
59000 2989430
59500 3012414
60000 3037464
60500 3060596
61000 3085196
61500 3108125
62000 3130472
62500 3159516
63000 3183055
63500 3208630
64000 3234897
64500 3254024
65000 3279506
65500 3301808
66000 3887288
66500 3913288
67000 3941994
67500 3972736
68000 3997321
68500 4023151
69000 4047829
69500 4074266
70000 4102493
70500 4128614
71000 4154726
71500 4175329
72000 4201769
72500 4225996
73000 4259459
73500 4296188
74000 4335377
74500 4374181
75000 4414638
75500 4446097
76000 4476406
76500 4510617
77000 4530426
77500 4548687
78000 4565911
78500 4578850
79000 4591998
79500 4609822
80000 4622230
80500 4635671
81000 4653090
81500 4667055
82000 4679599
82500 4691987
83000 4704148
83500 4716032
84000 4733330
84500 4751465
85000 4763581
85500 4793267
86000 4805647
86500 4817601
87000 4828315
87500 4840087
88000 4852255
88500 4863988
89000 4875123
89500 4887089
90000 4898078
90500 4908949
91000 4919477
91500 4931864
92000 4950125
92500 4964274
93000 4976786
93500 4987752
94000 4998636
94500 5009499
95000 5021673
95500 5036248
96000 5049683
96500 5060948
97000 5071664
97500 5082466
98000 5094094
98500 5107351
99000 5118692
99500 5131150
100000 5145201
100500 87249999
101000 160115359
101500 237445826
102000 310272931
102500 387738270
103000 466550793
103500 549005161
104000 621748042
104500 699684563
105000 785828020
105500 859820194
106000 938286133
106500 1011496475
107000 1092127537
107500 1164064235
108000 1249807857
108500 1321612972
109000 1401386396
109500 1476435509
110000 1559845850
110500 1637033933
111000 1706590819
111500 1782050412
112000 1853001160
112500 1936247817
113000 2005157464
113500 2078074331
114000 2159087459
114500 2231524514
115000 2316248724
115500 2383969010
116000 2457866874
116500 2533693072
117000 2604717897
117500 2677333226
118000 2744756859
118500 2814388805
119000 2880943503
119500 2956261095
120000 3023112531
120500 3089395017
121000 3163351235
121500 3233172364
122000 3306381709
122500 3371305606
123000 3436196962
123500 3511264455
124000 3577766523
124500 3648133242
125000 3714373565
125500 3790738467
126000 3859694477
126500 3923419705
127000 3991572239
127500 4055351253
128000 4123024448
128500 4186242152
129000 4249003292
129500 4311338191
130000 4378349630
130500 4447634992
131000 4512815722
131500 4577604286
132000 4655615285
132500 4724058803
133000 4789683382
133500 4854922717
134000 4920877116
134500 4985883137
135000 5055346408
135500 5119842587
136000 5184065787
136500 5248240631
137000 5312290418
137500 5376176034
138000 5435169797
138500 5494425521
139000 5561006444
139500 5631495011
140000 5693308062
140500 5756434239
141000 5814321375
141500 5876141203
142000 5933657662
142500 5990736934
143000 6047797745
143500 6113138492
144000 6169851987
144500 6230788234
145000 6291814723
145500 6348922347
146000 6411470070
146500 6470093546
147000 6540998671
147500 6599279781
148000 6657500264
148500 6718420826
149000 6775189649
149500 6841083349
150000 6901944704
150500 6957041273
151000 7016018159
151500 7074996326
152000 7133787910
152500 7188047718
153000 7246331469
153500 7300182436
154000 7358179579
154500 7411461779
155000 7469730724
155500 7529625156
156000 7585347465
156500 7640886540
157000 7700284783
157500 7755581437
158000 7812048142
158500 7863638245
159000 7915553730
159500 7966696497
160000 8017841183
160500 8081687211
161000 8132368017
161500 8183072417
162000 8233582805
162500 8287819279
163000 8337950128
163500 8396231567
164000 8458741802
164500 8512866464
165000 8562784316
165500 8619307049
166000 8671429600
166500 8723793096
167000 8776014699
167500 8829673877
168000 8878382467
168500 8930876791
169000 8983119881
169500 9030872054
170000 9078595765
170500 9130335108
171000 9177997363
171500 9225084042
172000 9275859651
172500 9326539024
173000 9372914048
173500 9419985989
174000 9476422904
174500 9528356117
175000 9575907073
175500 9627759750
176000 9675020422
176500 9721963702
177000 9771972544
177500 9818070919
178000 9863953916
178500 9921487324
179000 9966934256
179500 10015332906
