0 0
500 99708
1000 208741
1500 330412
2000 465247
2500 608318
3000 753801
3500 904948
4000 1050628
4500 1210179
5000 1369234
5500 1532871
6000 1695289
6500 1859594
7000 2020844
7500 2182641
8000 2343922
8500 2534386
9000 2732595
9500 2922295
10000 3109910
10500 3295679
11000 3484879
11500 3665741
12000 3848803
12500 4030717
13000 4217827
13500 4401512
14000 4582833
14500 4765388
15000 4952573
15500 5137388
16000 5318431
16500 5510837
17000 5728306
17500 5941174
18000 6155628
18500 6368142
19000 6624341
19500 6871513
20000 7097541
20500 7317023
21000 7538217
21500 7765772
22000 7980510
22500 8194762
23000 8411846
23500 8630456
24000 8842538
24500 9058593
25000 9275498
25500 9493394
26000 9706400
26500 9921055
27000 10138874
27500 10356282
28000 10603158
28500 10839970
29000 11069033
29500 11285773
30000 11496801
30500 11731527
31000 11941921
31500 12147663
32000 12354924
32500 12564831
33000 12802918
33500 13044617
34000 13284467
34500 13529653
35000 13770468
35500 14006411
36000 14251138
36500 14509660
37000 14774541
37500 15018424
38000 15257543
38500 15510886
39000 15753658
39500 15994426
40000 16235481
40500 16480264
41000 16717503
41500 16958058
42000 17197926
42500 17442178
43000 17682399
43500 17927591
44000 18170655
44500 18415452
45000 18679031
45500 18926328
46000 19163535
46500 19407517
47000 19657054
47500 19897362
48000 20138874
48500 20384170
49000 20623276
49500 20862588
50000 21103926
50500 21346972
51000 21588185
51500 21834987
52000 22074363
52500 22319008
53000 22579271
53500 22839962
54000 23079210
54500 23321545
55000 23574287
55500 23815615
56000 24055006
56500 24299872
57000 24539618
57500 24778915
58000 25019497
58500 25263979
59000 25511806
59500 25750988
60000 25989023
60500 26235593
61000 30521828
61500 30828040
62000 31076048
62500 31318666
63000 31570222
63500 31817139
64000 32049317
64500 32284815
65000 32535721
65500 32776617
66000 33033107
66500 33292926
67000 33549003
67500 33806459
68000 34061876
68500 34324657
69000 34637735
69500 34936525
70000 35203046
70500 35456573
71000 35713541
71500 35980565
72000 36237720
72500 36496731
73000 36749029
73500 37006502
74000 37263745
74500 37520548
75000 37775804
75500 38028229
76000 38287799
76500 38573512
77000 38849073
77500 39109170
78000 39362019
78500 39620690
79000 39877448
79500 40131396
80000 40387805
80500 40649003
81000 40901310
81500 41157432
82000 41418931
82500 41681476
83000 41944797
83500 42221286
84000 42485491
84500 42779319
85000 43047959
85500 43301120
86000 43555059
86500 43824842
87000 44079717
87500 44335553
88000 44592420
88500 44850182
89000 45104924
89500 45359060
90000 45617708
90500 45876510
91000 46134803
91500 46389343
92000 46678900
92500 46993675
93000 47264147
93500 47517655
94000 47782111
94500 48046681
95000 48309734
95500 48568812
96000 48833662
96500 49090913
97000 49353785
97500 49621250
98000 49882517
98500 50144474
99000 50403040
99500 50716998
100000 50998550
100500 51123759
101000 51233621
101500 51336435
102000 51439760
102500 51548879
103000 51635717
103500 51726649
104000 51824020
104500 51919988
105000 52010587
105500 52094876
106000 52179622
106500 52270879
107000 52360746
107500 52456687
108000 52552412
108500 52663733
109000 52753192
109500 52842512
110000 52933855
110500 53026122
111000 53113739
111500 53201747
112000 53287058
112500 53379288
113000 53475937
113500 53569209
114000 53659974
114500 53755148
115000 53845698
115500 53938110
116000 54033349
116500 54133976
117000 54228865
117500 54321778
118000 54407854
118500 54507510
119000 54602054
119500 54689995
120000 54780918
120500 54876947
121000 54965658
121500 55051175
122000 55131319
122500 55214830
123000 55301523
123500 55386944
124000 55472288
124500 55560555
125000 55653590
125500 55747302
126000 55849000
126500 55939942
127000 56026854
127500 56107694
128000 56193883
128500 56282016
129000 56378051
129500 56472850
130000 56564405
130500 56650181
131000 56743392
131500 56833403
132000 56930331
132500 57028815
133000 57128217
133500 57217076
134000 57306229
134500 57392267
135000 57494766
135500 57582948
136000 57672688
136500 57759300
137000 57848037
137500 57939999
138000 58027123
138500 58109059
139000 58195824
139500 58284762
140000 58367254
140500 58452249
141000 70595618
141500 70732833
142000 70839995
142500 70931905
143000 71019566
143500 71100444
144000 71177512
144500 71256119
145000 71337775
145500 71423728
146000 71520384
146500 71596492
147000 71673935
147500 71757059
148000 71841194
148500 71938107
149000 72026632
149500 72115645
150000 72201916
150500 72287326
151000 72374881
151500 72463546
152000 72546866
152500 72649752
153000 72734992
153500 72823753
154000 72906458
154500 72993405
155000 73076747
155500 73165452
156000 73246783
156500 73330216
157000 73415559
157500 73510219
158000 73605610
158500 73699222
159000 73796531
159500 73885263
160000 73968472
160500 74051261
161000 74142067
161500 74236116
162000 74332038
162500 74422585
163000 74521034
163500 74625877
164000 74730207
164500 74825615
165000 74920400
165500 75021573
166000 75116414
166500 75207684
167000 75296213
167500 75385674
168000 75478561
168500 75560428
169000 75646997
169500 75737662
170000 75827660
170500 75912819
171000 75995683
171500 76074538
172000 76158933
172500 76240731
173000 76331117
173500 76419923
174000 76512549
174500 76594524
175000 76675118
175500 76753288
176000 76835127
176500 76913336
177000 76995043
177500 77076468
178000 77161400
178500 77242690
179000 77323611
179500 77401208
180000 77487469
180500 77575239
181000 77660607
181500 77749399
182000 77847334
182500 77930197
183000 78013778
183500 78096825
184000 78180960
184500 78260882
185000 78335066
185500 78412093
186000 78507564
186500 78590572
187000 78671274
187500 78746729
188000 78819812
188500 78899441
189000 78974515
189500 79054194
190000 79135332
190500 79218972
191000 79299965
191500 79379181
192000 79458429
192500 79545702
193000 79620547
193500 79702785
194000 79785612
194500 79874321
195000 79956101
195500 80036667
196000 80113871
196500 80198652
197000 80285042
197500 80374172
198000 80465962
198500 80557884
199000 80647747
199500 80736768
200000 80828394
200500 80921260
201000 81009341
201500 81095877
202000 81181176
202500 81269596
203000 81353316
203500 81439636
204000 81523965
204500 81610544
205000 81697792
205500 81789572
206000 81875300
206500 81964796
207000 82053433
207500 82137484
208000 82220369
208500 82299950
209000 82376419
209500 82448056
210000 82546007
210500 82635823
211000 82730265
211500 82819394
212000 82903069
212500 82984918
213000 83070926
213500 83151945
214000 83236589
214500 83322052
215000 83409873
215500 83490889
216000 83571882
216500 83650950
217000 83733463
217500 83809300
218000 83889677
218500 83976916
219000 84056396
219500 84128048
220000 84199945
220500 84272360
221000 84350170
221500 84428807
222000 84507836
222500 84586597
223000 84669184
223500 84751675
224000 84832668
224500 84913183
225000 84997740
225500 85077734
226000 85155382
226500 85231840
227000 85312851
227500 85396813
228000 85481774
228500 85575119
229000 85661643
229500 85749512
230000 85830284
230500 85915876
231000 86003857
231500 86093959
232000 86180049
232500 86264648
233000 86345954
233500 86423629
234000 86517311
234500 86603227
235000 86692083
235500 86783663
236000 86861925
236500 86940587
237000 87015936
237500 87096701
238000 87179975
238500 87265593
239000 87351441
239500 87436798
240000 87509928
240500 87581283
241000 87649785
241500 87721426
242000 87792273
242500 87863176
243000 87945579
243500 88023642
244000 88098597
244500 88170961
245000 88240324
245500 88314025
246000 88393296
246500 88472157
247000 88553066
247500 88637909
248000 88722339
248500 88804169
249000 88883294
249500 88968608
250000 89049154
250500 89127311
251000 89209987
251500 89289604
252000 89366800
252500 89438788
253000 89520833
253500 89596271
254000 89677773
254500 89755961
255000 89834161
255500 89913224
256000 89991092
256500 90062960
257000 90135958
257500 90209225
258000 90285661
258500 90354857
259000 90425809
259500 90508570
260000 90603568
260500 90683743
261000 90761195
261500 90835207
262000 90912470
262500 90991467
263000 91068808
263500 91150261
264000 91234469
264500 91307553
265000 91381722
265500 91465064
266000 91536788
266500 91602558
267000 91667799
267500 91736986
268000 91810273
268500 91887346
269000 91954160
269500 92018775
270000 92081217
270500 92147351
271000 92210423
271500 92278322
272000 92352244
272500 92431373
273000 92505708
273500 92579333
274000 92649679
274500 92716913
275000 92780491
275500 92848185
276000 92918701
276500 92990416
277000 93055473
277500 93121089
278000 93186446
278500 93254098
279000 93317262
279500 93384460
280000 93452548
280500 93527018
281000 93593137
281500 93659571
282000 93723287
282500 93789524
283000 93847573
283500 93905607
284000 93964236
284500 94028459
285000 94094537
285500 94160681
286000 94223714
286500 94289905
287000 94351030
287500 94409468
288000 94482156
288500 94549869
289000 94622459
289500 94682810
290000 94753478
290500 94814892
291000 94874889
291500 94939806
292000 95000814
292500 95061624
293000 95118601
293500 95175097
294000 95233048
294500 95292468
295000 95350618
295500 95407914
296000 95463764
296500 95520477
297000 95576636
297500 95630518
298000 95683141
298500 95739543
299000 95809114
299500 95862032
300000 95919255
