0 0
500 33226
1000 67401
1500 100798
2000 133527
2500 166635
3000 199062
3500 231847
4000 264422
4500 296611
5000 329015
5500 361297
6000 393482
6500 426609
7000 459886
7500 491837
8000 524419
8500 557629
9000 589982
9500 622609
10000 655341
10500 687847
11000 720411
11500 752916
12000 785498
12500 818117
13000 859892
13500 902062
14000 942556
14500 985150
15000 1028402
15500 1070914
16000 1113925
16500 1157334
17000 1201289
17500 1245153
18000 1305698
18500 1373509
19000 1440974
19500 1498528
20000 1565468
20500 1625075
21000 1682868
21500 1735620
22000 1786775
22500 1833390
23000 1876057
23500 1918143
24000 1960703
24500 2003113
25000 2045838
25500 2089399
26000 2133816
26500 2178254
27000 2221469
27500 2266088
28000 2310486
28500 2351061
29000 2393181
29500 2434512
30000 2475646
30500 2516227
31000 2567210
31500 2608579
32000 2652435
32500 2694540
33000 2738770
33500 2783271
34000 2825848
34500 2867816
35000 2911248
35500 2952655
36000 2992926
36500 3034381
37000 3076166
37500 3117046
38000 3157304
38500 3201193
39000 3245533
39500 3289159
40000 3333390
40500 3376522
41000 3420020
41500 3462340
42000 3504244
42500 3545551
43000 3586262
43500 3627581
44000 3669562
44500 3710178
45000 3753543
45500 3797340
46000 3844467
46500 3893600
47000 3941279
47500 3994566
48000 4041681
48500 4085465
49000 4131191
49500 4180614
50000 4225653
50500 4273696
51000 4319001
51500 4365116
52000 4416138
52500 4462407
53000 4509389
53500 4555958
54000 4601287
54500 4652384
55000 4707235
55500 4752006
56000 4799252
56500 4845625
57000 4893454
57500 4938626
58000 4985053
58500 5031089
59000 5077653
59500 5123528
60000 5173193
60500 5219635
61000 5271875
61500 5341593
62000 5403485
62500 5465655
63000 5520702
63500 5575212
64000 5628299
64500 5674623
65000 5728539
65500 5779522
66000 5822770
66500 5869165
67000 5914250
67500 5962836
68000 6012811
68500 6056585
69000 6100346
69500 6143662
70000 6188622
70500 6239647
71000 6286836
71500 6340518
72000 6386828
72500 6433065
73000 6483778
73500 6529151
74000 6574513
74500 6620362
75000 6666492
75500 6715441
76000 6763411
76500 6806365
77000 6848062
77500 6890800
78000 6934276
78500 6982208
79000 7025362
79500 7069378
80000 7112012
80500 7153512
81000 7199890
81500 7243955
82000 7287793
82500 7330229
83000 7373528
83500 7419368
84000 7460639
84500 7504191
85000 7546843
85500 7590122
86000 7642034
86500 7689936
87000 7734186
87500 7774905
88000 7818421
88500 7861474
89000 7908823
89500 7951121
90000 7995750
90500 8038137
91000 8078438
91500 8125054
92000 8167492
92500 8211164
93000 8255372
93500 8299475
94000 8345319
94500 8385991
95000 8429548
95500 8475211
96000 8518660
96500 8560965
97000 8607161
97500 8650328
98000 8690582
98500 8735655
99000 8778312
99500 8825738
100000 8868286
100500 121548735
101000 218668024
101500 324219170
102000 427168852
102500 536370576
103000 636420633
103500 740905799
104000 840515282
104500 951197215
105000 1067256121
105500 1177790316
106000 1281539712
106500 1383200511
107000 1479533182
107500 1577478784
108000 1674682060
108500 1768553259
109000 1862960555
109500 1975324420
110000 2084062523
110500 2180948178
111000 2280897573
111500 2371994615
112000 2476096309
112500 2571507970
113000 2665973782
113500 2755637230
114000 2849620979
114500 2943376123
115000 3044449466
115500 3137900614
116000 3235650600
116500 3327807061
117000 3424375280
117500 3516307351
118000 3607811975
118500 3700223292
119000 3790827912
119500 3889797699
120000 3976066076
120500 4065579477
121000 4151912187
121500 4246812258
122000 4331991727
122500 4412756533
123000 4502984012
123500 4584976790
124000 4671695110
124500 4758745798
125000 4846736114
125500 4938236502
126000 5018845093
126500 5115971037
127000 5202678564
127500 5289195403
128000 5379914758
128500 5470532574
129000 5559664103
129500 5643553951
130000 5731893596
130500 5819952775
131000 5904044454
131500 6000974648
132000 6083921770
132500 6180040676
133000 6262501385
133500 6357590986
134000 6438567160
134500 6524099719
135000 6604757662
135500 6685138163
136000 6770258248
136500 6850618006
137000 6940063665
137500 7019916836
138000 7108258422
138500 7200615087
139000 7284292834
139500 7370852346
140000 7445547876
140500 7520391984
141000 7590898187
141500 7666200810
142000 7742756068
142500 7814641057
143000 7895694752
143500 7970725915
144000 8045467296
144500 8114669490
145000 8184816545
145500 8259296317
146000 8329095357
146500 8402831453
147000 8482392841
147500 8554575382
148000 8621622758
148500 8700894399
149000 8776591788
149500 8847937006
150000 8923683219
150500 8999797124
151000 9075606962
151500 9145986458
152000 9225141285
152500 9295301837
153000 9369418995
153500 9441316748
154000 9505972042
154500 9570762936
155000 9648818602
155500 9718174132
156000 9782535056
156500 9850731732
157000 9913979682
157500 9981072996
158000 10044557053
