0 0
500 37204
1000 72665
1500 105715
2000 138991
2500 172361
3000 205351
3500 238861
4000 272339
4500 305147
5000 337901
5500 370956
6000 404430
6500 438424
7000 472060
7500 505148
8000 538225
8500 571272
9000 604690
9500 637920
10000 670783
10500 703846
11000 736884
11500 770039
12000 802718
12500 836020
13000 869396
13500 902801
14000 935325
14500 968128
15000 1001193
15500 1034253
16000 1067735
16500 1100596
17000 1133531
17500 1166582
18000 1199543
18500 1232626
19000 1265545
19500 1297943
20000 1341210
20500 1374516
21000 1408248
21500 1441563
22000 1475194
22500 1508612
23000 1541941
23500 1575639
24000 1609261
24500 1642715
25000 1675796
25500 1708819
26000 1741819
26500 1774752
27000 1807651
27500 1840577
28000 1874288
28500 1907613
29000 1940411
29500 1973385
30000 2006259
30500 2039712
31000 2083533
31500 2131331
32000 2167244
32500 2199528
33000 2238379
33500 2279775
34000 2316064
34500 2351969
35000 2388617
35500 2426040
36000 2472006
36500 2511655
37000 2547119
37500 2581726
38000 2617539
38500 2650760
39000 2683039
39500 2716550
40000 2746234
40500 2778840
41000 2810619
41500 2846346
42000 2879918
42500 2912319
43000 2944879
43500 2978993
44000 3013546
44500 3046453
45000 3078855
45500 3113477
46000 3147369
46500 3189325
47000 3222832
47500 3256590
48000 3289563
48500 3322830
49000 3356487
49500 3392167
50000 3427219
50500 3461153
51000 3495466
51500 3529344
52000 3564255
52500 3598749
53000 3634202
53500 3669523
54000 3704325
54500 3738361
55000 3772082
55500 3805297
56000 3838056
56500 3871687
57000 3905212
57500 3938762
58000 3972256
58500 4008299
59000 4043251
59500 4079432
60000 4114701
60500 4149568
61000 4184883
61500 4220809
62000 4265488
62500 4299756
63000 4333603
63500 4367346
64000 4400818
64500 4434154
65000 4467454
65500 4501089
66000 4533613
66500 4568036
67000 4603678
67500 4638055
68000 4673607
68500 4708497
69000 4742405
69500 4777209
70000 4812025
70500 4847495
71000 4882200
71500 4915151
72000 4948259
72500 4982004
73000 5015324
73500 5048741
74000 5082646
74500 5115757
75000 5149832
75500 5185138
76000 5221487
76500 5256859
77000 5291806
77500 5327308
78000 5361532
78500 5396515
79000 5430964
79500 5464427
80000 5498300
80500 5531956
81000 5565684
81500 5599526
82000 5633450
82500 5666447
83000 5702673
83500 5738476
84000 5773655
84500 5808222
85000 5844879
85500 5879463
86000 5913711
86500 5948585
87000 5984165
87500 6018784
88000 6052407
88500 6116493
89000 6167288
89500 6214336
90000 6273645
90500 6323604
91000 6353778
91500 6383302
92000 6412399
92500 6442971
93000 6473928
93500 6502595
94000 6537667
94500 6567933
95000 6602647
95500 6639124
96000 6674964
96500 6709936
97000 6745787
97500 6779702
98000 6812128
98500 6845167
99000 6877834
99500 6912213
100000 6946146
100500 244270812
101000 481973809
101500 715313572
102000 964127924
102500 1188899745
103000 1416291181
103500 1647581142
104000 1890834291
104500 2124509455
105000 2344450726
105500 2549356303
106000 2762295141
106500 2963142682
107000 3172127537
107500 3375842997
108000 3573808887
108500 3771909425
109000 3973105026
109500 4185709150
110000 4391268338
110500 4615941588
111000 4828601794
111500 5027390430
112000 5228839295
112500 5421876028
113000 5608996061
113500 5795577272
114000 5987438715
114500 6169472625
115000 6360776875
115500 6543139246
116000 6721529279
116500 6902447796
117000 7086943742
117500 7280552294
118000 7461291672
118500 7654103934
119000 7858978920
119500 8057393711
120000 8254786144
120500 8451618811
121000 8647529483
121500 8840453609
122000 9032826414
122500 9226829116
123000 9426071543
123500 9620172907
124000 9812213695
124500 9998611235
125000 10186011300
